963 393
1036 296
1065 991
1164 1695 700 487 1226 786 731 1290 1274 1673 636 1661 712 526 1181 1019 948 1049 691 1117 1501 1026 836 442 986 1034 977 848 884 1115 989 1637 1126 960 727 634 1096 1646 1144 1055 1292 973 1555 630 1077 589 1259 1337 0
137 201 428 170 174
301 1039 1303 990 787 1321 1064 654 830 1058 1272
1437 565
854 937 261
844 824 504 162 843 443
550 1214
1361 1141 562
1564 554
420 852
1523 669
694 1094 1229 544
628 660
1041 698 1605 1572
209 448
512 1366 403 793
264 697 753
1124 1248
1042 1011
808 970
20 37
259 1634
271 747
924 1702
1396 671
